1111111111111111111111111111111111111111111111111111111111111111
1c0000000000000110000000m000000000000000000000000000000000000001
1011111111111101100111110011111111111111111111111111111111111111
1000000000000001100000000000000000000000000000000000000000000001
1001111111111101100111111111111111111111111111111111111111111111
1000000000000001100000000000000000000000000000000000000000000001
1011111111111101101111111111111111111111111111111111111111111111
1000000000000001100000000000000000000000000000000000000000000001
1001111111111101100111111111111111111111111111111111111111111111
1000000000000001100000000000000000000000000000000000000000000001
1011111111111101101111111111111111111111111111111111111111111111
1000000000000001100000000000000000000000000000000000000000000001
1011111111111111100000000000000000000000000000000000000000000001
1011111111111111101111111111111111111111111111111111111111111111
1011111111111111101111111111111111111111111111111111111111111111
1000000000000001100000000000000000000000000000000000000000000001
1001111111111101100111111111111111111111111111111111111111111111
1000000000000001100000000000000000000000000000000000000000000001
1011111111111101101111111111111111111111111111111111111111111111
1000000000000001100000000000000000000000000000000000000000000001
1001111111111101100111111111111111111111111111111111111111111111
1000000000000001100000000000000000000000000000000000000000000001
1011111111111101101111111111111111111111111111111111111111111111
1000000000000001100000000000000000000000000000000000000000000001
1001111111111101100111111111111111111111111111111111111111111111
1000000000000001100000000000000000000000000000000000000000000001
1011111111111101101111111111111111111111111111111111111111111111
1000000000000000000000000000000000000000000000000000000000000001
1111111111111111100000000000000000000000000000000000000000000001
1111111111111111111111111111111111111111111111111111111111111111
1111111111111111111111111111111111111111111111111111111111111111
1111111111111111111111111111111111111111111111111111111111111111
1000000000000000000000000000000000000000000000000000000000000001
1001111111111101100111111111111111111111111111111111111111111111
1000000000000001100000000000000000000000000000000000000000000001
1011111111111101101111111111111111111111111111111111111111111111
1000000000000001100000000000000000000000000000000000000000000001
1001111111111101100111111111111111111111111111111111111111111111
1000000000000001100000000000000000000000000000000000000000000001
1011111111111101101111111111111111111111111111111111111111111111
1000000000000001100000000000000000000000000000000000000000000001
1001111111111101100111111111111111111111111111111111111111111111
1000000000000001100000000000000000000000000000000000000000000001
1011111111111101101111111111111111111111111111111111111111111111
1000000000000001100000000000000000000000000000000000000000000001
1011111111111111100000000000000000000000000000000000000000000001
1011111111111111101111111111111111111111111111111111111111111111
1011111111111111101111111111111111111111111111111111111111111111
1000000000000001100000000000000000000000000000000000000000000001
1001111111111101100111111111111111111111111111111111111111111111
1000000000000001100000000000000000000000000000000000000000000001
1011111111111101101111111111111111111111111111111111111111111111
1000000000000001100000000000000000000000000000000000000000000001
1001111111111101100111111111111111111111111111111111111111111111
1000000000000001100000000000000000000000000000000000000000000001
1011111111111101101111111111111111111111111111111111111111111111
1000000000000001100000000000000000000000000000000000000000000001